startT,endT,startT_sec,endT_sec,duration,interval,interface,reason,route
2016 Jan  9 00:13:31,2016 Jan  9 00:13:31,1452298411.0,1452298411.0,0.0,0.0,1/3,local fault,NorthRoute_CHI_AMS_ChiMLXe4
2016 Jan  9 23:53:01,2016 Jan  9 23:53:01,1452383581.0,1452383581.0,0.0,85170.0,1/3,local fault,NorthRoute_CHI_AMS_ChiMLXe4
2016 Jan 11 01:57:55,2016 Jan 11 01:57:55,1452477475.0,1452477475.0,0.0,93894.0,1/3,local fault,NorthRoute_CHI_AMS_ChiMLXe4
2016 Jan 11 11:39:49,2016 Jan 11 11:39:49,1452512389.0,1452512389.0,0.0,34914.0,1/3,local fault,NorthRoute_CHI_AMS_ChiMLXe4
2016 Jan 13 01:30:18,2016 Jan 13 06:09:53,1452648618.0,1452665393.0,16775.0,136229.0,1/3,remote fault,NorthRoute_CHI_AMS_ChiMLXe4
2016 Jan 13 06:21:04,2016 Jan 13 06:27:26,1452666064.0,1452666446.0,382.0,671.0,1/3,link down,NorthRoute_CHI_AMS_ChiMLXe4
2016 Jan 13 06:32:12,2016 Jan 13 06:32:31,1452666732.0,1452666751.0,19.0,286.0,1/3,remote fault,NorthRoute_CHI_AMS_ChiMLXe4
2016 Jan 13 06:40:38,2016 Jan 13 06:40:56,1452667238.0,1452667256.0,18.0,487.0,1/3,remote fault,NorthRoute_CHI_AMS_ChiMLXe4
2016 Jan 13 08:45:53,2016 Jan 13 08:45:53,1452674753.0,1452674753.0,0.0,7497.0,1/3,local fault,NorthRoute_CHI_AMS_ChiMLXe4
2016 Jan 14 03:44:57,2016 Jan 14 03:44:57,1452743097.0,1452743097.0,0.0,68344.0,1/3,local fault,NorthRoute_CHI_AMS_ChiMLXe4
2016 Jan 14 08:55:00,2016 Jan 14 08:55:00,1452761700.0,1452761700.0,0.0,18603.0,1/3,local fault,NorthRoute_CHI_AMS_ChiMLXe4
2016 Jan 14 20:41:43,2016 Jan 14 20:41:43,1452804103.0,1452804103.0,0.0,42403.0,1/3,local fault,NorthRoute_CHI_AMS_ChiMLXe4
2016 Jan 14 22:30:25,2016 Jan 14 22:30:25,1452810625.0,1452810625.0,0.0,6522.0,1/3,local fault,NorthRoute_CHI_AMS_ChiMLXe4
2016 Jan 15 02:35:05,2016 Jan 15 02:35:05,1452825305.0,1452825305.0,0.0,14680.0,1/3,local fault,NorthRoute_CHI_AMS_ChiMLXe4
2016 Jan 15 10:45:55,2016 Jan 15 10:45:56,1452854755.0,1452854756.0,1.0,29450.0,1/3,local fault,NorthRoute_CHI_AMS_ChiMLXe4
2016 Jan 15 22:37:42,2016 Jan 15 22:37:42,1452897462.0,1452897462.0,0.0,42706.0,1/3,local fault,NorthRoute_CHI_AMS_ChiMLXe4
2016 Jan 16 09:57:57,2016 Jan 16 09:57:58,1452938277.0,1452938278.0,1.0,40815.0,1/3,local fault,NorthRoute_CHI_AMS_ChiMLXe4
2016 Jan 16 14:45:52,2016 Jan 16 14:45:52,1452955552.0,1452955552.0,0.0,17274.0,1/3,local fault,NorthRoute_CHI_AMS_ChiMLXe4
2016 Jan 16 22:18:25,2016 Jan 16 22:18:25,1452982705.0,1452982705.0,0.0,27153.0,1/3,local fault,NorthRoute_CHI_AMS_ChiMLXe4
2016 Jan 18 16:33:42,2016 Jan 18 16:33:42,1453134822.0,1453134822.0,0.0,152117.0,1/3,local fault,NorthRoute_CHI_AMS_ChiMLXe4
2016 Jan 19 01:31:42,2016 Jan 19 01:31:42,1453167102.0,1453167102.0,0.0,32280.0,1/3,local fault,NorthRoute_CHI_AMS_ChiMLXe4
2016 Jan 21 17:18:23,2016 Jan 21 17:18:23,1453396703.0,1453396703.0,0.0,229601.0,1/3,local fault,NorthRoute_CHI_AMS_ChiMLXe4
2016 Jan 21 21:36:52,2016 Jan 21 21:36:52,1453412212.0,1453412212.0,0.0,15509.0,1/3,local fault,NorthRoute_CHI_AMS_ChiMLXe4
2016 Jan 22 19:41:02,2016 Jan 22 19:41:02,1453491662.0,1453491662.0,0.0,79450.0,1/3,local fault,NorthRoute_CHI_AMS_ChiMLXe4
2016 Jan 22 20:27:51,2016 Jan 22 20:27:51,1453494471.0,1453494471.0,0.0,2809.0,1/3,local fault,NorthRoute_CHI_AMS_ChiMLXe4
2016 Jan 22 22:40:21,2016 Jan 22 22:40:22,1453502421.0,1453502422.0,1.0,7950.0,1/3,local fault,NorthRoute_CHI_AMS_ChiMLXe4
2016 Jan 23 00:49:59,2016 Jan 23 00:49:59,1453510199.0,1453510199.0,0.0,7777.0,1/3,local fault,NorthRoute_CHI_AMS_ChiMLXe4
2016 Jan 23 05:01:23,2016 Jan 23 05:01:23,1453525283.0,1453525283.0,0.0,15084.0,1/3,local fault,NorthRoute_CHI_AMS_ChiMLXe4
2016 Jan 23 05:29:50,2016 Jan 23 05:29:50,1453526990.0,1453526990.0,0.0,1707.0,1/3,local fault,NorthRoute_CHI_AMS_ChiMLXe4
2016 Jan 23 23:31:50,2016 Jan 23 23:31:50,1453591910.0,1453591910.0,0.0,64920.0,1/3,local fault,NorthRoute_CHI_AMS_ChiMLXe4
2016 Jan 23 23:48:49,2016 Jan 23 23:48:49,1453592929.0,1453592929.0,0.0,1019.0,1/3,local fault,NorthRoute_CHI_AMS_ChiMLXe4
2016 Jan 23 23:53:27,2016 Jan 23 23:53:27,1453593207.0,1453593207.0,0.0,278.0,1/3,local fault,NorthRoute_CHI_AMS_ChiMLXe4
2016 Jan 24 02:14:59,2016 Jan 24 02:14:59,1453601699.0,1453601699.0,0.0,8492.0,1/3,local fault,NorthRoute_CHI_AMS_ChiMLXe4
2016 Jan 24 04:33:19,2016 Jan 24 04:33:19,1453609999.0,1453609999.0,0.0,8300.0,1/3,local fault,NorthRoute_CHI_AMS_ChiMLXe4
2016 Jan 24 10:29:51,2016 Jan 24 10:29:51,1453631391.0,1453631391.0,0.0,21392.0,1/3,local fault,NorthRoute_CHI_AMS_ChiMLXe4
2016 Jan 24 13:29:46,2016 Jan 24 13:29:46,1453642186.0,1453642186.0,0.0,10795.0,1/3,local fault,NorthRoute_CHI_AMS_ChiMLXe4
2016 Jan 25 03:04:18,2016 Jan 25 03:04:18,1453691058.0,1453691058.0,0.0,48872.0,1/3,local fault,NorthRoute_CHI_AMS_ChiMLXe4
2016 Jan 26 03:13:00,2016 Jan 26 03:13:00,1453777980.0,1453777980.0,0.0,86922.0,1/3,local fault,NorthRoute_CHI_AMS_ChiMLXe4
2016 Jan 26 04:56:28,2016 Jan 26 04:56:29,1453784188.0,1453784189.0,1.0,6208.0,1/3,local fault,NorthRoute_CHI_AMS_ChiMLXe4
2016 Jan 26 22:23:21,2016 Jan 26 22:23:21,1453847001.0,1453847001.0,0.0,62812.0,1/3,local fault,NorthRoute_CHI_AMS_ChiMLXe4
2016 Jan 27 07:17:19,2016 Jan 27 07:17:19,1453879039.0,1453879039.0,0.0,32038.0,1/3,local fault,NorthRoute_CHI_AMS_ChiMLXe4
2016 Jan 27 08:52:27,2016 Jan 27 08:52:27,1453884747.0,1453884747.0,0.0,5708.0,1/3,local fault,NorthRoute_CHI_AMS_ChiMLXe4
2016 Jan 27 09:18:55,2016 Jan 27 09:18:55,1453886335.0,1453886335.0,0.0,1588.0,1/3,local fault,NorthRoute_CHI_AMS_ChiMLXe4
2016 Jan 27 22:08:05,2016 Jan 27 22:08:05,1453932485.0,1453932485.0,0.0,46150.0,1/3,local fault,NorthRoute_CHI_AMS_ChiMLXe4
2016 Jan 27 23:45:43,2016 Jan 27 23:45:43,1453938343.0,1453938343.0,0.0,5858.0,1/3,local fault,NorthRoute_CHI_AMS_ChiMLXe4
2016 Jan 28 05:37:03,2016 Jan 28 05:37:03,1453959423.0,1453959423.0,0.0,21080.0,1/3,local fault,NorthRoute_CHI_AMS_ChiMLXe4
2016 Jan 28 12:16:18,2016 Jan 28 12:16:18,1453983378.0,1453983378.0,0.0,23955.0,1/3,local fault,NorthRoute_CHI_AMS_ChiMLXe4
2016 Jan 28 19:21:34,2016 Jan 29 08:33:40,1454008894.0,1454056420.0,47526.0,25516.0,1/3,link down,NorthRoute_CHI_AMS_ChiMLXe4
2016 Jan 29 16:52:42,2016 Jan 29 16:53:38,1454086362.0,1454086418.0,56.0,29942.0,1/3,link down,NorthRoute_CHI_AMS_ChiMLXe4
2016 Jan 29 17:59:31,2016 Jan 29 18:02:53,1454090371.0,1454090573.0,202.0,3953.0,1/3,link down,NorthRoute_CHI_AMS_ChiMLXe4
2016 Jan 29 20:26:45,2016 Jan 29 20:31:23,1454099205.0,1454099483.0,278.0,8632.0,1/3,link down,NorthRoute_CHI_AMS_ChiMLXe4
2016 Jan 29 20:31:58,2016 Jan 29 20:32:34,1454099518.0,1454099554.0,36.0,35.0,1/3,link down,NorthRoute_CHI_AMS_ChiMLXe4
2016 Jan 29 23:01:42,2016 Jan 29 23:01:44,1454108502.0,1454108504.0,2.0,8948.0,1/3,link down,NorthRoute_CHI_AMS_ChiMLXe4
2016 Feb  2 13:38:53,2016 Feb  2 13:38:53,1454420333.0,1454420333.0,0.0,311829.0,1/3,link down,NorthRoute_CHI_AMS_ChiMLXe4
2016 Feb  5 09:05:35,2016 Feb  5 10:10:10,1454663135.0,1454667010.0,3875.0,242802.0,1/3,link down,NorthRoute_CHI_AMS_ChiMLXe4
2016 Feb  5 10:15:40,2016 Feb  5 11:22:00,1454667340.0,1454671320.0,3980.0,330.0,1/3,lacp block,NorthRoute_CHI_AMS_ChiMLXe4
2016 Feb  5 17:37:29,2016 Feb  5 17:38:01,1454693849.0,1454693881.0,32.0,22529.0,1/3,lacp block,NorthRoute_CHI_AMS_ChiMLXe4
2016 Feb  5 17:42:02,2016 Feb  5 17:43:23,1454694122.0,1454694203.0,81.0,241.0,1/3,link down,NorthRoute_CHI_AMS_ChiMLXe4
2016 Feb  5 17:43:46,2016 Feb  5 17:43:49,1454694226.0,1454694229.0,3.0,23.0,1/3,lacp block,NorthRoute_CHI_AMS_ChiMLXe4
2016 Feb  5 20:04:45,2016 Feb  5 20:05:52,1454702685.0,1454702752.0,67.0,8456.0,1/3,link down,NorthRoute_CHI_AMS_ChiMLXe4
2016 Feb  5 20:55:17,2016 Feb  5 20:55:43,1454705717.0,1454705743.0,26.0,2965.0,1/3,link down,NorthRoute_CHI_AMS_ChiMLXe4
2016 Feb  5 20:56:18,2016 Feb  5 20:56:47,1454705778.0,1454705807.0,29.0,35.0,1/3,link down,NorthRoute_CHI_AMS_ChiMLXe4
2016 Feb  5 22:04:09,2016 Feb  5 22:04:33,1454709849.0,1454709873.0,24.0,4042.0,1/3,link down,NorthRoute_CHI_AMS_ChiMLXe4
2016 Feb  5 22:57:50,2016 Feb  5 22:58:15,1454713070.0,1454713095.0,25.0,3197.0,1/3,link down,NorthRoute_CHI_AMS_ChiMLXe4
2016 Feb  8 07:33:48,2016 Feb  8 07:33:48,1454916828.0,1454916828.0,0.0,203733.0,1/3,local fault,NorthRoute_CHI_AMS_ChiMLXe4
2016 Feb 16 02:16:27,2016 Feb 16 02:16:28,1455588987.0,1455588988.0,1.0,672159.0,1/3,local fault,NorthRoute_CHI_AMS_ChiMLXe4
2016 Feb 17 17:23:11,2016 Feb 17 17:24:06,1455729791.0,1455729846.0,55.0,140803.0,1/3,link down,NorthRoute_CHI_AMS_ChiMLXe4
2016 Feb 20 05:20:30,2016 Feb 20 05:20:30,1455945630.0,1455945630.0,0.0,215784.0,1/3,local fault,NorthRoute_CHI_AMS_ChiMLXe4
2016 Feb 23 01:54:19,2016 Feb 23 01:54:19,1456192459.0,1456192459.0,0.0,246829.0,1/3,local fault,NorthRoute_CHI_AMS_ChiMLXe4
2016 Feb 23 02:44:20,2016 Feb 23 02:44:20,1456195460.0,1456195460.0,0.0,3001.0,1/3,local fault,NorthRoute_CHI_AMS_ChiMLXe4
2016 Feb 23 08:46:43,2016 Feb 23 09:13:38,1456217203.0,1456218818.0,1615.0,21743.0,1/3,link down,NorthRoute_CHI_AMS_ChiMLXe4
2016 Mar  1 17:39:21,2016 Mar  1 17:44:59,1456853961.0,1456854299.0,338.0,635143.0,1/3,link down,NorthRoute_CHI_AMS_ChiMLXe4
2016 Mar  1 17:48:46,2016 Mar  1 17:48:50,1456854526.0,1456854530.0,4.0,227.0,1/3,link down,NorthRoute_CHI_AMS_ChiMLXe4
2016 Mar  1 17:49:15,2016 Mar  1 17:50:13,1456854555.0,1456854613.0,58.0,25.0,1/3,link down,NorthRoute_CHI_AMS_ChiMLXe4
2016 Mar  1 17:58:46,2016 Mar  1 17:59:22,1456855126.0,1456855162.0,36.0,513.0,1/3,link down,NorthRoute_CHI_AMS_ChiMLXe4
2016 Mar  1 17:59:28,2016 Mar  1 17:59:59,1456855168.0,1456855199.0,31.0,6.0,1/3,link down,NorthRoute_CHI_AMS_ChiMLXe4
2016 Mar  8 10:42:44,2016 Mar  8 10:42:44,1457433764.0,1457433764.0,0.0,578565.0,1/3,link down,NorthRoute_CHI_AMS_ChiMLXe4
2016 Mar  9 13:17:47,2016 Mar  9 13:17:48,1457529467.0,1457529468.0,1.0,95703.0,1/3,link down,NorthRoute_CHI_AMS_ChiMLXe4
2016 Mar 22 12:13:03,2016 Mar 22 12:14:58,1458648783.0,1458648898.0,115.0,1119315.0,1/3,link down,NorthRoute_CHI_AMS_ChiMLXe4
2016 Mar 22 12:17:38,2016 Mar 22 12:18:11,1458649058.0,1458649091.0,33.0,160.0,1/3,link down,NorthRoute_CHI_AMS_ChiMLXe4
2016 Apr  7 09:36:19,2016 Apr  7 12:09:17,1460021779.0,1460030957.0,9178.0,1372688.0,1/3,link down,NorthRoute_CHI_AMS_ChiMLXe4
2016 Apr  7 14:20:15,2016 Apr  7 14:21:53,1460038815.0,1460038913.0,98.0,7858.0,1/3,disabled,NorthRoute_CHI_AMS_ChiMLXe4
2016 Apr 14 09:36:50,2016 Apr 14 10:56:28,1460626610.0,1460631388.0,4778.0,587697.0,1/3,local fault,NorthRoute_CHI_AMS_ChiMLXe4
2016 May  6 09:29:53,2016 May  6 09:58:47,1462526993.0,1462528727.0,1734.0,1895605.0,1/3,local fault,NorthRoute_CHI_AMS_ChiMLXe4
2016 May  6 10:00:29,2016 May  6 10:00:31,1462528829.0,1462528831.0,2.0,102.0,1/3,link down,NorthRoute_CHI_AMS_ChiMLXe4
2016 May  6 10:12:37,2016 May  6 10:12:38,1462529557.0,1462529558.0,1.0,726.0,1/3,link down,NorthRoute_CHI_AMS_ChiMLXe4
2016 May  6 10:59:41,2016 May  6 11:00:04,1462532381.0,1462532404.0,23.0,2823.0,1/3,disabled,NorthRoute_CHI_AMS_ChiMLXe4
2016 May 14 12:06:54,2016 May 14 12:07:19,1463227614.0,1463227639.0,25.0,695210.0,1/3,link down,NorthRoute_CHI_AMS_ChiMLXe4
2016 May 14 12:07:19,2016 May 14 12:07:45,1463227639.0,1463227665.0,26.0,0.0,1/3,lacp block,NorthRoute_CHI_AMS_ChiMLXe4
2016 Jun 16 16:31:30,2016 Jun 16 16:31:31,1466094690.0,1466094691.0,1.0,2867025.0,1/3,local fault,NorthRoute_CHI_AMS_ChiMLXe4
2016 Jun 28 06:10:48,2016 Jun 28 06:16:41,1467094248.0,1467094601.0,353.0,999557.0,1/13,link down,NorthRoute_CHI_AMS_ChiMLXe4
2016 Jun 28 06:17:04,2016 Jun 28 06:17:36,1467094624.0,1467094656.0,32.0,23.0,1/13,link down,NorthRoute_CHI_AMS_ChiMLXe4
2016 Jun 28 06:17:36,2016 Jun 28 06:17:37,1467094656.0,1467094657.0,1.0,0.0,1/13,link down,NorthRoute_CHI_AMS_ChiMLXe4
2016 Jun 28 06:36:27,2016 Jun 28 07:36:40,1467095787.0,1467099400.0,3613.0,1130.0,1/13,local fault,NorthRoute_CHI_AMS_ChiMLXe4
2016 Jun 28 07:36:44,2016 Jun 28 07:38:57,1467099404.0,1467099537.0,133.0,4.0,1/13,local fault,NorthRoute_CHI_AMS_ChiMLXe4
2016 Jun 28 07:38:58,2016 Jun 28 07:38:58,1467099538.0,1467099538.0,0.0,1.0,1/13,link down,NorthRoute_CHI_AMS_ChiMLXe4
2016 Jul  1 03:43:35,2016 Jul  1 03:45:32,1467344615.0,1467344732.0,117.0,245077.0,1/13,local fault,NorthRoute_CHI_AMS_ChiMLXe4
2016 Jul  8 17:34:25,2016 Jul  8 17:34:25,1467999265.0,1467999265.0,0.0,654533.0,1/13,local fault,NorthRoute_CHI_AMS_ChiMLXe4
